$ANSIBLE_VAULT;1.1;AES256
64623066353466643034346163333036383162356564343964623735616565353733323961663539
3065626266633738616465356461633937333236646566300a613231306138653730326432616638
31353233363330333337626131373631346665386164373038393333346163376530303133643963
3636336434326365620a303736383065376262323335343636326236343662393136313565366330
30356139643430343363386431613335663464623362633835646534666437646534613830623966
34366138363461373136386335613766646331643134333363643237386562643932636531623832
65663539613635333065613630383132656265363536316639326336386432333935643336663738
33376234396336653637643233663337386433633763356366383339313532626566366566383634
61313838396430663963623532323534663063366635336466316164626637666664653364656661
36323638383838303435306532346166323430646533623763383336383866316639326264353763
663166623335363938383031316263373539
