$ANSIBLE_VAULT;1.1;AES256
63343036373533653538353131616366356534626161393834333037326637323831366135353836
6138616139396339353966393662613366656137626631380a363538666562306432663161366262
39333331343237313063383039376133363630653631393137323161336533333735323133623464
6136303061383931310a643366303337356133326638643033306664656132353639656136366330
31326438636131383937396163353861666266373033616532306132623336333537303365626161
31323739313566333239336564636532633039623366646563326531653832636138303135323866
36353335333037656139616432333766623065633861396237373934323934396236376135373866
61333964663736363465393231323163303437396132656664633934636437643632633165613266
34346132313836366639626166636461623863653535326532333330383737366664386262323831
35326132666661386265313663363033363332646465306335633863333436656165313336313533
633663363631316664383165356265316536
