$ANSIBLE_VAULT;1.1;AES256
31396163666436626162343663366462373938326434333439666538326638323562353464386164
3136333636356334623537626438343065626264346566650a613362303766666462623039363238
32393737373765366365353566646661316437303162616261363431303563613662356261653764
6234623162343135390a373034343132356337613630633239363239623364336636376137636535
39363431616461306463396230666534656264303139653433323361633932323635343436633932
36373439303935643862383461633331373536396538383533623736313339636664303833646334
35363834343230343761643135663432306339373261343332316662653432386264366136666462
64663530646336623738313063306538306261653933666166376232656463323435646433356635
65376331326234393232356162336638333031386334306437343663333366313639313764613762
62643039643538313061353361343030623865323938353535633064366533626231363365346239
336266643633613161336535393164333161
