$ANSIBLE_VAULT;1.1;AES256
65623163336565663633343066336564326136656230343934613563626564636262313331363130
6464623137646333326666383835393634376562383761310a643538313130386132646466623333
37646132313466313536303766343731636262383636636139373831333734636631666165373832
6539623332383763320a623331333661333537616462653633653839303061656333663165303162
39373062646365393561376361323164386263366164626630373530383130663065376235393833
36666564363639383337646665336230393839383866633937653134313634623533653434646535
66393164323063316136626634393063643639313334303462623462363538343232636433616633
30626662616432643465646535326663366238366433373332636530303732333366616439386361
32303663343835613437616130356562326535643965666266303035336362313832623931633937
63373135663666623236613334366434356635363636306461353933303566336333303162343563
343661363034303861333432643633383833
